23466, 186706: 19615.4932, 1 2 11000
34466, 207924: 21786.8966, 0 2 2545
37011, 212113: 14667.7512, 0 2 2927
39938, 216682: 20364.7889, 0 2 3365
43303, 221646: 15976.911, 0 2 3870
47173, 227023: 19212.6275, 0 1 1077
48250, 228462: 24465.3097, 0 2 4451
52701, 234177: 26123.2498, 0 3 12000
64701, 248022: 22649.795, 0 0 123
64824, 248154: 16408.6924, 0 1 1238
66062, 249472: 15120.9647, 0 2 5118
71180, 254739: 20843.6095, 0 3 13800
84980, 267697: 19247.597, 0 1 1424
86404, 268946: 18539.1709, 0 2 5886
92290, 273955: 19586.6768, 1 2 55000
147290, 312265: 22094.5655, 0 2 6769
154059, 316219: 25785.5505, 0 2 7784
161843, 320613: 26419.3949, 0 2 8951
170794, 325483: 22960.7919, 0 2 10294
181088, 330860: 31121.3323, 4 -1 55000
236088, 356366: 22310.9669, 0 1 1637
237725, 357056: 23602.3495, 0 1 1883
239608, 357846: 22309.0654, 0 1 2165
241773, 358748: 22404.9783, 0 1 2490
244263, 359779: 23111.5484, 0 1 2863
247126, 360955: 17162.5051, 0 1 3292
250418, 362295: 16479.2644, 0 1 3786
254204, 363820: 18177.6423, 1 1 50000
304204, 382579: 12210.0144, 0 1 4354
308558, 384105: 10013.716, 0 1 5007
313565, 385840: 9472.5771, 0 1 5758
319323, 387811: 9221.8516, 0 2 11838
331161, 391784: 8258.2719, 0 1 6622
337783, 393962: 8309.6215, 0 2 13613
351396, 398344: 9174.5059, 0 3 15870
367266, 403302: 7965.8097, 0 1 7615
374881, 405626: 7798.7814, 0 0 141
375022, 405669: 8213.1112, 0 2 15655
390677, 410341: 5964.1449, 0 1 8757
399434, 412895: 8618.9298, 0 3 18251
417685, 418093: 6542.3852, 0 0 162
417847, 418139: 7727.9495, 0 2 18004
435851, 423107: 6086.2612, 0 3 20989
456840, 428716: 5126.3837, 0 3 24137
14786.0159
Time: 246.1091978179601
Cookies: 1000000
33 39 25 11 0
CPS: 27964
Upgrades: 3 3 2 1 0 
Weird Upgrades: 1 false

0 0 18
0 0 20
0 0 23
0 1 100
0 1 115
0 1 133
0 1 153
1 0 100
0 0 27
0 0 31
0 0 35
0 0 40
0 1 175
0 1 202
0 1 232
1 1 1000
0 1 267
0 1 306
0 2 1100
0 1 352
0 2 1265
0 1 405
0 2 1455
0 0 46
0 0 53
1 0 500
0 0 61
0 0 70
0 0 81
0 0 93
0 2 1673
0 1 466
0 1 536
1 1 5000
0 1 616
0 1 708
0 1 814
0 1 936
0 2 1924
0 0 107
0 2 2213
1 2 11000
0 2 2545
0 2 2927
0 2 3365
0 2 3870
0 1 1077
0 2 4451
0 3 12000
0 0 123
0 1 1238
0 2 5118
0 3 13800
0 1 1424
0 2 5886
1 2 55000
0 2 6769
0 2 7784
0 2 8951
0 2 10294
4 -1 55000
0 1 1637
0 1 1883
0 1 2165
0 1 2490
0 1 2863
0 1 3292
0 1 3786
1 1 50000
0 1 4354
0 1 5007
0 1 5758
0 2 11838
0 1 6622
0 2 13613
0 3 15870
0 1 7615
0 0 141
0 2 15655
0 1 8757
0 3 18251
0 0 162
0 2 18004
0 3 20989
0 3 24137
1 3 120000
0 3 27757
0 3 31921
0 3 36709
0 1 10070
0 0 186
0 3 42215
0 2 20704
0 1 11581
0 0 214
0 3 48547
0 2 23810
0 1 13318
0 0 246
0 2 27381
0 1 15316
0 0 283
0 2 31488
0 1 17613
0 0 325
0 1 20255
0 0 374
1 0 10000
0 0 430
0 0 494
0 0 568
0 0 654
0 0 751
0 0 864
0 0 994
0 0 1143
0 0 1314
3 -1 1498