0 0 18
0 0 20
0 0 23
0 1 100
0 1 115
0 1 133
0 1 153
1 0 100
0 0 27
0 0 31
0 0 35
0 0 40
0 1 175
0 1 202
0 1 232
1 1 1000
0 1 267
0 1 306
0 2 1100
0 1 352
0 2 1265
0 1 405
0 2 1455
0 0 46
0 0 53
1 0 500
0 0 61
0 0 70
0 0 81
0 0 93
0 2 1673
0 1 466
0 1 536
1 1 5000
0 1 616
0 1 708
0 1 814
0 1 936
0 2 1924
0 0 107
0 2 2213
1 2 11000
0 2 2545
0 2 2927
0 2 3365
0 2 3870
0 1 1077
0 2 4451
0 3 12000
0 0 123
0 1 1238
0 2 5118
0 3 13800
0 1 1424
0 2 5886
1 2 55000
0 2 6769
0 2 7784
0 2 8951
0 2 10294
4 -1 55000
0 1 1637
0 1 1883
0 1 2165
0 1 2490
0 1 2863
0 1 3292
0 1 3786
1 1 50000
0 1 4354
0 1 5007
0 1 5758
0 2 11838
0 1 6622
0 2 13613
0 3 15870
0 1 7615
0 0 141
0 2 15655
0 1 8757
0 3 18251
0 0 162
0 2 18004
0 3 20989
0 3 24137
1 3 120000
0 3 27757
0 3 31921
0 3 36709
0 1 10070
0 0 186
0 3 42215
0 2 20704
0 1 11581
0 0 214
0 3 48547
0 2 23810
0 1 13318
0 0 246
0 2 27381
0 1 15316
0 0 283
0 2 31488
0 1 17613
0 0 325
0 1 20255
0 0 374
1 0 10000
0 0 430
0 0 494
0 0 568
0 0 654
0 0 751
0 0 864
0 0 994
0 0 1143
0 0 1314
3 -1 1498